Some((
    red: 0.32473,
    green: 0.68658364,
    blue: 0.77704704,
))