Some((
    red: 0.10980392,
    green: 0.10980392,
    blue: 0.10980392,
    alpha: 1.0,
))